%YAML:1.0
---
matrix_K: !!opencv-matrix
   rows: 3
   cols: 3
   dt: d
   data: [ 4.2338175709792824e+02, 0., 3.4157225477435884e+02, 0.,
       4.2128117566061485e+02, 2.6906849738673708e+02, 0., 0., 1. ]
distort_coeff: !!opencv-matrix
   rows: 1
   cols: 5
   dt: d
   data: [ -4.3260909772118150e-01, 2.6434648801708238e-01,
       -3.4099677630947730e-04, 5.0610832800667641e-04,
       -1.0793539689605738e-01 ]
