%YAML:1.0
---
matrix_K: !!opencv-matrix
   rows: 3
   cols: 3
   dt: d
   data: [ 4.2114353776181514e+02, 0., 3.5081856750742855e+02, 0.,
       4.1893843256422906e+02, 2.6528830633652478e+02, 0., 0., 1. ]
distort_coeff: !!opencv-matrix
   rows: 1
   cols: 5
   dt: d
   data: [ -4.1210434475062818e-01, 1.9767663473805186e-01,
       -4.7285848299248785e-04, -7.8010451248111093e-04,
       -5.0766117246708341e-02 ]
