%YAML:1.0
---
rotation_1: !!opencv-matrix
   rows: 3
   cols: 3
   dt: d
   data: [ 9.9998544030403902e-01, -1.4708511645592089e-03,
       -5.1918952983581144e-03, 1.4773260452941913e-03,
       9.9999813560798934e-01, 1.2434984122488113e-03,
       5.1900566175422077e-03, -1.2511504294387523e-03,
       9.9998574886590741e-01 ]
rotation_2: !!opencv-matrix
   rows: 3
   cols: 3
   dt: d
   data: [ 9.9996813211193369e-01, 5.1898267311732216e-03,
       6.0663381929151605e-03, -5.1822559142644413e-03,
       9.9998577435312241e-01, -1.2630578075395612e-03,
       -6.0728069465027833e-03, 1.2315802395765198e-03,
       9.9998080192866901e-01 ]
pose_1: !!opencv-matrix
   rows: 3
   cols: 4
   dt: d
   data: [ 4.2010980411241462e+02, 0., 3.1925494384765625e+02, 0., 0.,
       4.2010980411241462e+02, 2.4754518699645996e+02, 0., 0., 0., 1.,
       0. ]
pose_2: !!opencv-matrix
   rows: 3
   cols: 4
   dt: d
   data: [ 4.2010980411241462e+02, 0., 3.1925494384765625e+02,
       -2.6176016739797568e+01, 0., 4.2010980411241462e+02,
       2.4754518699645996e+02, 0., 0., 0., 1., 0. ]
disparity_depth_matrix: !!opencv-matrix
   rows: 4
   cols: 4
   dt: d
   data: [ 1., 0., 0., -3.1925494384765625e+02, 0., 1., 0.,
       -2.4754518699645996e+02, 0., 0., 0., 4.2010980411241462e+02, 0.,
       0., 1.6049416849343881e+01, 0. ]
