%YAML:1.0
---
matrix_1: !!opencv-matrix
   rows: 3
   cols: 3
   dt: d
   data: [ 4.7297663916122349e+02, 0., 3.5617172479977637e+02, 0.,
       4.7137080359967081e+02, 2.6554879357393895e+02, 0., 0., 1. ]
distort_coeff_1: !!opencv-matrix
   rows: 1
   cols: 5
   dt: d
   data: [ -5.8493976231947187e-01, 9.9459082735582516e-01,
       5.6445698751957617e-03, -1.4715804992362453e-02,
       -1.7173722225573940e+00 ]
matrix_2: !!opencv-matrix
   rows: 3
   cols: 3
   dt: d
   data: [ 4.4461696173071340e+02, 0., 3.5541069935283224e+02, 0.,
       4.4251880630614471e+02, 2.6359677920164637e+02, 0., 0., 1. ]
distort_coeff_2: !!opencv-matrix
   rows: 1
   cols: 5
   dt: d
   data: [ -4.9770287338876507e-01, 4.6382874670921204e-01,
       3.0928557700572513e-03, -6.4385591523360899e-03,
       -3.1075446501362491e-01 ]
rotation_matrix: !!opencv-matrix
   rows: 3
   cols: 3
   dt: d
   data: [ 9.4683933933218389e-01, -4.3118827858401397e-02,
       3.1880406549652257e-01, -1.0048048668613713e-01,
       9.0176296803563827e-01, 4.2038936865110366e-01,
       -3.0561239714434124e-01, -4.3007477973449459e-01,
       8.4949205208054512e-01 ]
translation_matrix: !!opencv-matrix
   rows: 3
   cols: 1
   dt: d
   data: [ -1.7292572607395990e-01, -1.4884270721872689e-01,
       5.9021074124118979e-02 ]
essential_matrix: !!opencv-matrix
   rows: 3
   cols: 3
   dt: d
   data: [ 5.1418642803298518e-02, 1.0790475543362894e-02,
       -1.5125252888060844e-01, 3.0352291569680709e-03,
       -7.6915913086861687e-02, 1.6571518828082715e-01,
       1.5830579168385817e-01, -1.6235593906471457e-01,
       -2.5244476626926957e-02 ]
fundamental_matrix: !!opencv-matrix
   rows: 3
   cols: 3
   dt: d
   data: [ -1.2579814558488705e-05, -2.6489345418334982e-06,
       2.2686329547870938e-02, -7.4610407120679239e-07,
       1.8971476674746789e-05, -2.4038926683763728e-02,
       -1.2552460058149452e-02, 1.3661501726116439e-02,
       9.9999999999999989e-01 ]
